0
26.9
110.6
199.8
128.5
108.6
191.4
79.3
123.8
8
165.2
66.7
120.6
74.1
15.5
240.6
48.2
103.8
177.9
114.2
118
49.2
79.9
46.6
71.6
211.9
113.1
220.7
28
141.2
63.3
34.9
153.8
115.5
131.7
32
109.3
97.8
95.3
105
42.8
57
103.8
76.9
65.5
20.7
124
56.4
140.2
189.8
140.8
75.9
135.8
208
73.1
19.8
175
112
90.7
85
164.2
187.9
101.6
59.6
103.1
133.3
134.7
28.7
96.2
162.4
87.3
8.4
211.4
234.6
224.4
26.9
0
92.3
172.9
101.6
90.3
164.5
83.9
96.9
18.9
176.1
45.3
97.7
55.8
21.6
222.3
21.3
77.8
159.6
87.3
91.1
60.1
61.6
23.7
76.2
193.6
86.2
193.8
38.9
122.9
45
39.5
126.9
97.2
104.8
16.3
82.4
79.5
68.4
82.1
21.4
64.5
76.9
54
38.6
31.6
105.7
61
113.3
162.9
113.9
57.6
146.7
181.1
84
28.8
148.1
85.1
63.8
66.7
145.9
169.6
74.7
67.1
84.8
115
107.8
22
69.3
135.5
60.4
26.9
184.5
207.7
206.1
110.6
92.3
0
98.8
38.3
2
85.3
134
65.6
111.2
268.4
69.3
111.3
55.6
95.1
130
99
45
67.3
116
76.4
152.4
50
113.1
126.3
101.3
54.9
122.4
131.2
30.6
47.3
90.2
76.4
22.1
75.1
81.7
52.6
32.1
66.2
144.8
70.9
115.2
89
116.7
81.7
123.9
13.4
111.1
95.9
97.1
99.2
34.7
239
151.2
176.3
97.6
97.6
37.2
75.9
44.9
53.6
77.3
47.6
117.8
26.8
22.7
76.5
81.9
98
105.6
59.9
102.2
134
136.3
113.8
199.8
172.9
98.8
0
103.3
100.8
13.5
232.8
76
191.8
314.6
153.9
124.6
148.8
193.9
52.4
151.6
129.2
32
153
97.6
205.2
143
165.7
225.1
62.1
86.7
23.6
184.4
68.2
146.1
189
46
107.4
83.9
180.5
114.3
125.1
104.5
181.8
169.7
214
126
153.7
134.3
191.7
98.7
209.9
98.8
10
94
133.5
285.2
115.7
222.5
196.4
24.8
119.8
112.9
137.9
45.2
38.1
123.1
216.6
125.6
81.1
65.1
180.7
135
72.4
141.5
199.8
54.9
37.5
48.2
128.5
101.6
38.3
103.3
0
40.3
94.9
153.7
27.3
120.5
244.5
81
73
55.6
114.2
150.3
80.3
25.9
87.6
82.9
38.1
133.9
49.8
94.4
146
121.6
16.6
124.2
113.1
50.9
66.4
109.3
57.3
19.9
36.8
100.8
30.5
37.6
34.4
111.7
90
134.3
55.9
83.6
63
120.4
24.9
130.8
57.6
93.3
60.9
67.1
215.1
128.1
152.4
116.7
78.5
16.5
42.8
44.7
73.9
97.6
26.9
136.9
42.9
51.1
38.2
101
64.9
82.5
43.3
121.3
114.9
138.1
134.1
108.6
90.3
2
100.8
40.3
0
87.3
132
67.6
109.2
266.4
67.3
113.3
53.6
93.1
132
97
43
69.3
118
78.4
150.4
48
111.1
124.3
103.3
56.9
124.4
129.2
32.6
45.3
88.2
78.4
24.1
77.1
79.7
54.6
30.1
68.2
146.8
68.9
113.2
91
118.7
79.7
121.9
15.4
109.1
97.9
99.1
101.2
32.7
237
153.2
174.3
95.6
99.6
39.2
77.9
42.9
55.6
79.3
49.6
115.8
24.8
24.7
78.5
79.9
100
107.6
57.9
100.2
136
138.3
115.8
191.4
164.5
85.3
13.5
94.9
87.3
0
219.3
67.6
183.4
306.2
145.5
116.2
135.3
180.4
65.9
143.2
118.4
29.7
144.6
89.2
196.8
129.5
157.3
211.6
63.7
78.3
37.1
176
54.7
132.6
175.5
37.6
93.9
75.5
167
105.9
111.6
96.1
173.4
156.2
200.5
117.6
145.3
125.9
183.3
85.2
196.4
90.4
11.8
85.6
120
276.8
109.6
214.1
182.9
16.4
109
104.5
124.4
31.7
39.7
114.7
203.1
112.1
67.6
56.7
167.2
126.6
64
133.1
187.5
52.8
51
61.7
79.3
83.9
134
232.8
153.7
132
219.3
0
180.2
87.3
244.5
102.3
181.6
98.1
66.7
264
105.2
127.8
201.3
170.6
174.4
128.5
103.9
107.6
20.8
235.3
169.5
256.4
107.3
164.6
87.3
44.4
210.2
139.5
188.1
67.6
152.6
121.8
151.7
166
78.4
37.6
160.2
137.9
121.9
100
147.4
22.9
196.6
231.1
197.2
99.3
215.1
264.4
152.4
59.5
231.4
137.2
147.1
109
187.6
211.3
134.9
40.2
127.1
156.7
191.1
61.9
152.6
218.8
131.2
70.9
267.8
270.3
247.8
123.8
96.9
65.6
76
27.3
67.6
67.6
180.2
0
115.8
238.6
77.9
58.1
82.9
118.5
125.7
75.6
53.2
84.9
77
23.2
129.2
77.1
89.7
172.5
118.9
10.7
96.9
108.4
74
93.7
135.8
30
47.2
9.5
112.6
38.3
64.9
28.5
105.8
101.8
160.8
50
77.7
58.3
115.7
52.2
157.3
30.3
66
38.4
94.4
209.2
102.3
146.5
125.7
51.2
43.8
36.9
72
56.2
94.9
47.1
163.4
70.2
78.4
10.9
118.3
59
56.7
65.5
123.8
87.6
110.8
121.5
8
18.9
111.2
191.8
120.5
109.2
183.4
87.3
115.8
0
157.2
64.2
112.6
74.7
23.5
241.2
40.2
96.7
178.5
106.2
110
41.2
80.5
38.6
79.6
212.5
105.1
212.7
20
141.8
63.9
42.9
145.8
116.1
123.7
35.2
101.3
98.4
87.3
97
40.3
65
95.8
68.9
57.5
12.7
124.6
64.4
132.2
181.8
132.8
76.5
127.8
200
65.1
27.8
167
104
82.7
85.6
164.8
188.5
93.6
67.6
103.7
133.9
126.7
36.7
88.2
154.4
79.3
16.4
203.4
226.6
225
165.2
176.1
268.4
314.6
244.5
266.4
306.2
244.5
238.6
157.2
0
204
204.6
231.9
180.7
364.3
169.6
226.1
323.5
203.3
223.6
116
236
155.5
236.8
357.5
227.9
335.5
137.2
287.7
221.1
200.1
268.6
248.5
237.3
192.4
225.4
236.5
211.4
132.8
197.5
222.2
188.6
160.9
186.9
144.5
257.2
221.6
243.3
304.6
235.2
233.7
29.4
302.4
92.1
185
289.8
233.4
201.7
230.9
294.8
333.5
223
224.8
241.8
283.4
249.5
193.9
206.5
256.8
208.7
173.6
326.2
349.4
360.1
66.7
45.3
69.3
153.9
81
67.3
145.5
102.3
77.9
64.2
204
0
107
27.9
51.2
199.3
34.4
55.1
136.6
68.3
72.1
88
33.7
48.5
94.6
170.6
67.2
174.8
67.2
99.9
22
57.9
107.9
66.8
85.8
34.7
63.4
49.1
49.4
106.9
23.9
82.9
57.9
78.8
19.6
74.5
75.5
79.4
94.3
143.9
94.9
34.6
174.6
162.1
111.9
56.1
129.1
64.5
44.8
36.3
122.9
146.6
55.7
85.5
54.4
92
88.8
40.4
50.3
116.5
37.8
58.3
165.5
188.7
183.1
120.6
97.7
111.3
124.6
73
113.3
116.2
181.6
58.1
112.6
204.6
107
0
127.3
119.3
174.3
88.1
97.6
136.3
86.1
34.9
104.4
121.5
74
173.9
170.3
56.4
145.5
92.7
123.9
129
137.2
81.4
92.9
48.6
114
84
110.5
71.9
71.8
119.1
162.2
69
43.7
87.4
100
97.9
158.7
38.7
114.6
30.6
138.8
175.2
97.8
112.5
126.5
99.8
89.5
62.2
116.4
107.6
146.3
90.5
164.8
115.8
124.1
69
119.7
84.3
52.2
108.9
124.6
131.8
159.4
170.1
74.1
55.8
55.6
148.8
55.6
53.6
135.3
98.1
82.9
74.7
231.9
27.9
127.3
0
58.6
180
62.3
29.7
117.3
96.2
92.4
115.9
5.8
76.4
90.4
151.3
72.2
172.4
94.7
80.6
10.8
53.7
112.9
41.4
92.4
45.2
54.5
23.7
55.4
134
34.4
78.7
78.2
105.9
47.5
87.4
50.1
75.2
113.2
147.1
115.2
20.9
202.5
182.4
139.8
61.1
134.1
39.1
65.1
10.9
103.6
127.3
36.8
81.3
29
76.3
93.8
45.4
78.2
136.8
33.1
65.7
170.5
186.3
163.8
15.5
21.6
95.1
193.9
114.2
93.1
180.4
66.7
118.5
23.5
180.7
51.2
119.3
58.6
0
225.1
42.9
88.3
162.4
108.9
112.7
64.7
64.4
45.3
59
196.4
107.8
215.4
43.5
125.7
47.8
22.3
148.5
100
126.4
16.5
104
82.3
90
103.7
27.3
44.4
98.5
75.6
60.2
36.2
108.5
43.8
134.9
184.5
135.5
60.4
151.3
202.7
88.6
7.2
169.7
97.7
85.4
69.5
148.7
172.4
95.4
47
87.6
117.8
129.4
13.2
90.9
157.1
82
7.1
206.1
229.3
208.9
240.6
222.3
130
52.4
150.3
132
65.9
264
125.7
241.2
364.3
199.3
174.3
180
225.1
0
201.3
163.1
62.7
202.7
147.3
254.9
174.2
215.4
256.3
40.4
136.4
28.8
234.1
99.4
177.3
220.2
95.7
138.6
133.6
211.7
164
156.3
154.2
231.5
200.9
245.2
175.7
203.4
184
241.4
129.9
241.1
148.5
59.7
143.7
164.7
334.9
120.9
272.2
227.6
74.5
153.7
162.6
169.1
91.4
52.7
164.1
247.8
156.8
112.3
114.8
211.9
184.7
122.1
180.5
232.2
60.1
14.9
16.2
48.2
21.3
99
151.6
80.3
97
143.2
105.2
75.6
40.2
169.6
34.4
88.1
62.3
42.9
201.3
0
56.5
154.8
66
69.8
53.6
66.4
14.1
97.5
188.8
64.9
172.5
32.8
118.1
56.4
60.8
105.6
78.9
83.5
37.6
61.1
66.9
47.1
72.5
42.7
85.8
55.6
44.4
17.3
40.1
87.6
82.3
92
141.6
92.6
69
140.2
159.8
77.5
50.1
126.8
63.8
42.5
61.3
131.8
164.8
53.4
88.4
72.2
113.8
86.5
43.3
48
114.2
39.1
48.2
163.2
186.4
197.1
103.8
77.8
45
129.2
25.9
43
118.4
127.8
53.2
96.7
226.1
55.1
97.6
29.7
88.3
163.1
56.5
0
100.4
75.5
62.7
110.1
23.9
70.6
120.1
134.4
42.5
150.1
89.3
63.7
40.5
83.4
83.2
24.5
62.7
74.9
24.8
12.9
25.7
104.3
64.1
108.4
48.5
76.2
39.2
96.6
33.2
104.9
83.5
119.2
85.5
41.2
196.7
152.7
134
90.8
104.4
9.4
35.4
18.8
86.7
110.4
7.1
111
18.2
59.4
64.1
75.1
57.5
107.1
17.4
95.4
140.8
164
146.9
177.9
159.6
67.3
32
87.6
69.3
29.7
201.3
84.9
178.5
323.5
136.6
136.3
117.3
162.4
62.7
154.8
100.4
0
161.9
106.5
208.4
111.5
168.9
193.6
34
95.6
55.6
187.6
36.7
114.6
157.5
54.9
75.9
92.8
149
106.4
93.6
113.4
190.7
138.2
182.5
134.9
162.6
137.5
191.2
67.2
178.4
110.5
41.5
105.7
102
294.1
129.7
231.4
164.9
46.1
91
121.8
106.4
28.7
10
101.4
185.1
94.1
49.6
74
149.2
143.9
84.1
117.8
169.5
82.5
69.5
46.5
114.2
87.3
116
153
82.9
118
144.6
170.6
77
106.2
203.3
68.3
86.1
96.2
108.9
202.7
66
75.5
161.9
0
65.2
103.1
97.8
72.7
162.9
195.9
66.3
173.9
91.4
133.1
90.3
126.2
107
93.9
78.9
103
63.8
88.4
49.8
70.5
92.2
151.2
30.2
42.4
48.7
98.7
102.6
147.7
87.4
143
88
102.9
173.9
155.2
111.2
116.1
128.2
78.8
40.1
92.7
133.2
171.9
68.4
153.8
93.7
128.8
87.9
108.7
18
109.6
70.5
114.2
164.6
187.8
198.5
118
91.1
76.4
97.6
38.1
78.4
89.2
174.4
23.2
110
223.6
72.1
34.9
92.4
112.7
147.3
69.8
62.7
106.5
65.2
0
123.4
86.6
83.9
166.7
140.5
21.5
118.5
102.6
89
94.1
130
51.6
58
13.7
106.8
49.1
75.6
37
90.8
96
155
35
62.7
52.5
109.9
63
151.5
22.2
87.6
22.8
103.9
194.2
90
131.5
119.9
72.8
54.6
27.3
81.5
77.8
116.5
55.6
157.6
80.9
89.2
34.1
112.5
49.4
44.4
74
118
109.2
132.4
143.1
49.2
60.1
152.4
205.2
133.9
150.4
196.8
128.5
129.2
41.2
116
88
104.4
115.9
64.7
254.9
53.6
110.1
208.4
103.1
123.4
0
120
39.5
120.8
242.4
118.5
226.1
21.2
171.7
105.1
84.1
159.2
132.5
137.1
76.4
114.7
120.5
100.7
64.6
81.5
106.2
88.4
60.7
70.9
28.5
141.2
105.6
143.1
195.2
135
117.7
86.6
202.2
23.9
69
180.4
117.4
96.1
114.9
185.4
218.4
107
108.8
125.8
167.4
140.1
77.9
101.6
156.6
92.7
57.6
216.8
240
250.7
79.9
61.6
50
143
49.8
48
129.5
103.9
77.1
80.5
236
33.7
121.5
5.8
64.4
174.2
66.4
23.9
111.5
97.8
86.6
120
0
80.5
96.2
145.5
66.4
166.6
99.2
74.8
16.6
59.5
107.1
35.6
86.6
51
48.7
17.9
49.6
128.2
40.2
84.5
72.4
100.1
49.1
93.2
44.3
81
107.4
141.3
109.4
17.3
206.6
176.6
143.9
66.9
128.3
33.3
59.3
5.1
97.8
121.5
31
87.1
23.2
70.5
88
51.2
79.8
131
27.3
71.5
164.7
180.5
158
46.6
23.7
113.1
165.7
94.4
111.1
157.3
107.6
89.7
38.6
155.5
48.5
74
76.4
45.3
215.4
14.1
70.6
168.9
72.7
83.9
39.5
80.5
0
99.9
202.9
79
186.6
18.7
132.2
68.7
63.2
119.7
93
97.6
40
75.2
81
61.2
58.4
45.1
88.2
58
30.3
31.4
26
101.7
84.7
106.1
155.7
104.6
81.3
126.1
171.8
63.4
52.5
140.9
77.9
56.6
75.4
145.9
178.9
67.5
90.8
86.3
127.9
100.6
45.7
62.1
126.2
53.2
50.6
177.3
200.5
211.2
71.6
76.2
126.3
225.1
146
124.3
211.6
20.8
172.5
79.6
236.8
94.6
173.9
90.4
59
256.3
97.5
120.1
193.6
162.9
166.7
120.8
96.2
99.9
0
227.6
161.8
248.7
99.6
156.9
79.6
36.7
202.5
131.8
180.4
59.9
144.9
114.1
144
158.3
70.7
16.8
152.5
130.2
114.2
92.3
139.7
15.2
188.9
223.4
189.5
91.6
207.4
256.7
144.7
51.8
223.7
129.5
139.4
101.3
179.9
203.6
127.2
19.4
119.4
149
183.4
54.2
144.9
211.1
123.5
63.2
260.1
262.6
240.1
211.9
193.6
101.3
62.1
121.6
103.3
63.7
235.3
118.9
212.5
357.5
170.6
170.3
151.3
196.4
40.4
188.8
134.4
34
195.9
140.5
242.4
145.5
202.9
227.6
0
129.6
48.9
221.6
70.7
148.6
191.5
88.9
109.9
126.8
183
140.4
127.6
147.4
224.7
172.2
216.5
168.9
196.6
171.5
225.2
101.2
212.4
144.5
72.1
139.7
136
328.1
141
265.4
198.9
80.1
125
155.8
140.4
62.7
24
135.4
219.1
128.1
83.6
108
183.2
177.9
118.1
151.8
203.5
80.2
55.3
24.3
113.1
86.2
54.9
86.7
16.6
56.9
78.3
169.5
10.7
105.1
227.9
67.2
56.4
72.2
107.8
136.4
64.9
42.5
95.6
66.3
21.5
118.5
66.4
79
161.8
129.6
0
107.6
97.7
67.5
83
125.1
40.7
36.5
20.2
101.9
27.6
54.2
17.8
95.1
91.1
150.1
39.3
67
47.6
105
41.5
146.6
41
76.7
44.3
83.7
198.5
111.5
135.8
115
61.9
33.1
26.2
61.3
66.9
105.6
36.4
152.7
59.5
67.7
21.6
107.6
48.3
65.9
54.8
113.1
98.3
121.5
132.2
220.7
193.8
122.4
23.6
124.2
124.4
37.1
256.4
96.9
212.7
335.5
174.8
145.5
172.4
215.4
28.8
172.5
150.1
55.6
173.9
118.5
226.1
166.6
186.6
248.7
48.9
107.6
0
205.3
91.8
169.7
212.6
66.9
131
104.8
204.1
135.2
148.7
125.4
202.7
193.3
237.6
146.9
174.6
155.2
212.6
122.3
233.5
119.7
30.9
114.9
157.1
306.1
92.1
243.4
220
45.7
140.7
133.8
161.5
68.8
60.3
144
240.2
149.2
104.7
86
204.3
155.9
93.3
162.4
220.7
31.3
13.9
24.6
28
38.9
131.2
184.4
113.1
129.2
176
107.3
108.4
20
137.2
67.2
92.7
94.7
43.5
234.1
32.8
89.3
187.6
91.4
102.6
21.2
99.2
18.7
99.6
221.6
97.7
205.3
0
150.9
83.9
62.9
138.4
111.7
116.3
55.2
93.9
99.7
79.9
77.1
60.3
85
76.7
49
50.1
7.3
120.4
84.4
124.8
174.4
123.3
96.5
107.8
190.5
45.1
47.8
159.6
96.6
75.3
94.1
164.6
197.6
86.2
87.6
105
146.6
119.3
56.7
80.8
144.9
71.9
36.4
196
219.2
229.9
141.2
122.9
30.6
68.2
50.9
32.6
54.7
164.6
74
141.8
287.7
99.9
123.9
80.6
125.7
99.4
118.1
63.7
36.7
133.1
89
171.7
74.8
132.2
156.9
70.7
67.5
91.8
150.9
0
77.9
120.8
45.8
39.2
83.5
112.3
69.7
56.9
83.3
161.9
101.5
145.8
106.1
133.8
100.8
154.5
30.5
141.7
101.4
66.5
96.6
65.3
258.3
120.6
195.6
128.2
67
54.3
93
69.7
23
46.7
64.7
148.4
57.4
12.9
64.9
112.5
115.1
75
81.1
132.8
103.4
105.7
83.2
63.3
45
47.3
146.1
66.4
45.3
132.6
87.3
93.7
63.9
221.1
22
129
10.8
47.8
177.3
56.4
40.5
114.6
90.3
94.1
105.1
16.6
68.7
79.6
148.6
83
169.7
83.9
77.9
0
42.9
123.7
52.2
103.2
34.4
65.3
34.5
66.2
127.1
23.6
67.9
79.9
99
41.6
76.6
60.7
64.4
116.3
144.4
116.9
12.6
191.7
184.1
129
50.3
144.9
49.9
66.8
21.7
100.9
124.6
47.6
70.5
39.8
70
104.6
34.6
72.3
138.5
43.9
54.9
181.3
183.6
161.1
34.9
39.5
90.2
189
109.3
88.2
175.5
44.4
135.8
42.9
200.1
57.9
137.2
53.7
22.3
220.2
60.8
83.4
157.5
126.2
130
84.1
59.5
63.2
36.7
191.5
125.1
212.6
62.9
120.8
42.9
0
165.8
95.1
143.7
23.2
108.2
77.4
107.3
121.6
34
25
115.8
93.5
77.5
55.6
103.6
21.5
152.2
187.3
152.8
55.5
170.7
220
108
15.1
187
92.8
102.7
64.6
143.8
167.5
90.5
27.6
82.7
112.9
146.7
17.5
108.2
174.4
86.8
26.5
223.4
226.5
204
153.8
126.9
76.4
46
57.3
78.4
37.6
210.2
30
145.8
268.6
107.9
81.4
112.9
148.5
95.7
105.6
83.2
54.9
107
51.6
159.2
107.1
119.7
202.5
88.9
40.7
66.9
138.4
45.8
123.7
165.8
0
77.2
37.9
142.6
68.3
94.9
58.5
135.8
131.8
190.8
80
107.7
88.3
145.7
76.3
187.3
55.6
36
50.8
111.1
239.2
74.8
176.5
155.7
21.2
73.8
66.9
102
26.2
64.9
77.1
193.4
100.2
58.7
19.1
148.3
89
29.2
95.5
153.8
57.6
80.8
91.5
115.5
97.2
22.1
107.4
19.9
24.1
93.9
139.5
47.2
116.1
248.5
66.8
92.9
41.4
100
138.6
78.9
24.5
75.9
93.9
58
132.5
35.6
93
131.8
109.9
36.5
131
111.7
39.2
52.2
95.1
77.2
0
56.7
86.6
30.5
17.7
44.1
122.7
75.8
120.1
66.9
94.6
61.6
119
8.7
116.6
77.5
105.7
80.8
52.9
219.1
148
156.4
102.5
98.4
15.1
53.8
30.5
62.2
85.9
25.5
122.7
23
34.9
58.1
86.8
75.9
102.4
41.9
107.1
134.8
144.9
122.4
131.7
104.8
75.1
83.9
36.8
77.1
75.5
188.1
9.5
123.7
237.3
85.8
48.6
92.4
126.4
133.6
83.5
62.7
92.8
78.9
13.7
137.1
86.6
97.6
180.4
126.8
20.2
104.8
116.3
83.5
103.2
143.7
37.9
56.7
0
120.5
47.8
74.4
38
104.5
109.7
168.7
48.7
76.4
66.2
123.6
61.7
165.2
20.8
73.9
28.9
103.9
207.9
92.8
145.2
133.6
59.1
53.3
41
81.5
64.1
102.8
56.6
171.3
79.7
87.9
20.4
126.2
63.1
47.2
75
131.7
95.5
118.7
129.4
32
16.3
81.7
180.5
100.8
79.7
167
67.6
112.6
35.2
192.4
34.7
114
45.2
16.5
211.7
37.6
74.9
149
103
106.8
76.4
51
40
59.9
183
101.9
204.1
55.2
112.3
34.4
23.2
142.6
86.6
120.5
0
98.1
68.9
84.1
98.4
10.8
48.2
92.6
70.3
54.3
47.9
95.1
44.7
129
178.6
129.6
47
163
196.8
100.3
21.4
163.8
84.3
79.5
56.1
135.3
159
82
50.8
74.2
104.4
123.5
5.7
85
151.2
72.5
23.6
200.2
218
195.5
109.3
82.4
52.6
114.3
30.5
54.6
105.9
152.6
38.3
101.3
225.4
63.4
84
54.5
104
164
61.1
24.8
106.4
63.8
49.1
114.7
48.7
75.2
144.9
140.4
27.6
135.2
93.9
69.7
65.3
108.2
68.3
30.5
47.8
98.1
0
37.7
14
92.6
87.3
133.2
36.8
64.5
43.8
101.2
39.2
129.7
68.6
104.3
71.9
66
196
139.1
133.3
111.2
89.5
15.4
23.7
43.6
92.7
116.4
22.9
135.8
43
65.4
49.2
99.9
45.8
93.5
41.3
109.3
125.9
149.1
152.9
97.8
79.5
32.1
125.1
37.6
30.1
111.6
121.8
64.9
98.4
236.5
49.1
110.5
23.7
82.3
156.3
66.9
12.9
93.6
88.4
75.6
120.5
17.9
81
114.1
127.6
54.2
148.7
99.7
56.9
34.5
77.4
94.9
17.7
74.4
68.9
37.7
0
38.6
117.2
58.1
102.4
61.4
89.1
49.6
107
26.4
98.9
95.2
123.4
98.4
35.2
207.1
165.6
144.4
84.8
116.1
22.3
48.3
12.8
79.9
103.6
20
105
5.3
52.6
75.8
69.1
70.4
120
27.8
89.4
152.5
162.6
140.1
95.3
68.4
66.2
104.5
34.4
68.2
96.1
151.7
28.5
87.3
211.4
49.4
71.9
55.4
90
154.2
47.1
25.7
113.4
49.8
37
100.7
49.6
61.2
144
147.4
17.8
125.4
79.9
83.3
66.2
107.3
58.5
44.1
38
84.1
14
38.6
0
78.6
73.3
132.3
22.8
50.5
29.8
87.2
52.8
128.8
58.8
94.5
59.8
66.9
182
127
119.3
97.2
79.7
29
9.7
44.5
84.7
123.4
18.6
134.9
43.9
79
39.4
89.8
31.8
81.4
37
95.3
116.1
139.3
150
105
82.1
144.8
181.8
111.7
146.8
173.4
166
105.8
97
132.8
106.9
71.8
134
103.7
231.5
72.5
104.3
190.7
70.5
90.8
64.6
128.2
58.4
158.3
224.7
95.1
202.7
77.1
161.9
127.1
121.6
135.8
122.7
104.5
98.4
92.6
117.2
78.6
0
103.5
146.6
55.8
28.1
89.8
84.4
131.4
143.1
110.5
171.8
102.4
139.7
103.4
169.6
40.7
110.9
157
107.6
68.9
123.1
162
200.7
97.2
149.2
122.5
157.6
116.7
104.1
73.7
124
111.6
109
193.4
216.6
227.3
42.8
21.4
70.9
169.7
90
68.9
156.2
78.4
101.8
40.3
197.5
23.9
119.1
34.4
27.3
200.9
42.7
64.1
138.2
92.2
96
81.5
40.2
45.1
70.7
172.2
91.1
193.3
60.3
101.5
23.6
34
131.8
75.8
109.7
10.8
87.3
58.1
73.3
103.5
0
59
81.8
75.4
43.5
53
84.3
55.5
118.2
167.8
118.8
36.2
168.1
186
105.4
32.2
153
73.5
68.7
45.3
124.5
148.2
71.2
61.6
63.4
93.6
112.7
16.5
74.2
140.4
61.7
34.4
189.4
207.2
184.7
57
64.5
115.2
214
134.3
113.2
200.5
37.6
160.8
65
222.2
82.9
162.2
78.7
44.4
245.2
85.8
108.4
182.5
151.2
155
106.2
84.5
88.2
16.8
216.5
150.1
237.6
85
145.8
67.9
25
190.8
120.1
168.7
48.2
133.2
102.4
132.3
146.6
59
0
140.8
118.5
102.5
77.7
128.6
31.2
177.2
212.3
177.8
80.5
192.8
245
130.1
37.2
212
117.8
127.7
89.6
168.8
192.5
115.5
2.6
107.7
137.9
171.7
42.5
133.2
199.4
111.8
48.6
248.4
251.5
229
103.8
76.9
89
126
55.9
91
117.6
160.2
50
95.8
188.6
57.9
69
78.2
98.5
175.7
55.6
48.5
134.9
30.2
35
88.4
72.4
58
152.5
168.9
39.3
146.9
76.7
106.1
79.9
115.8
80
66.9
48.7
92.6
36.8
61.4
22.8
55.8
81.8
140.8
0
27.7
38.3
84
75.6
137.3
57.2
116
57.8
89.7
159.2
125
96.5
105.7
101.2
51.8
13.1
67.3
106.2
144.9
41.4
143.4
66.7
101.8
60.9
98.3
17.9
79.4
59.8
103.8
137.6
160.8
171.5
76.9
54
116.7
153.7
83.6
118.7
145.3
137.9
77.7
68.9
160.9
78.8
43.7
105.9
75.6
203.4
44.4
76.2
162.6
42.4
62.7
60.7
100.1
30.3
130.2
196.6
67
174.6
49
133.8
99
93.5
107.7
94.6
76.4
70.3
64.5
89.1
50.5
28.1
75.4
118.5
27.7
0
61.7
56.3
103.3
115
82.4
143.7
74.3
111.6
131.5
141.5
68.8
82.8
128.9
79.5
40.8
95
133.9
172.6
69.1
121.1
94.4
129.5
88.6
76
45.6
95.9
83.5
80.9
165.3
188.5
199.2
65.5
38.6
81.7
134.3
63
79.7
125.9
121.9
58.3
57.5
186.9
19.6
87.4
47.5
60.2
184
17.3
39.2
137.5
48.7
52.5
70.9
49.1
31.4
114.2
171.5
47.6
155.2
50.1
100.8
41.6
77.5
88.3
61.6
66.2
54.3
43.8
49.6
29.8
89.8
43.5
102.5
38.3
61.7
0
57.4
70.3
99
74.7
124.3
75.3
54.2
157.5
142.5
94.8
67.4
109.5
46.5
25.2
44
114.5
147.5
36.1
105.1
54.9
96.5
69.2
60
30.7
96.9
21.8
65.5
145.9
169.1
179.8
20.7
31.6
123.9
191.7
120.4
121.9
183.3
100
115.7
12.7
144.5
74.5
100
87.4
36.2
241.4
40.1
96.6
191.2
98.7
109.9
28.5
93.2
26
92.3
225.2
105
212.6
7.3
154.5
76.6
55.6
145.7
119
123.6
47.9
101.2
107
87.2
84.4
53
77.7
84
56.3
57.4
0
127.7
77.1
132.1
181.7
130.6
89.2
115.1
197.8
52.4
40.5
166.9
103.9
82.6
98.3
171.9
201.2
93.5
80.3
112.3
146.6
126.6
49.4
88.1
152.2
79.2
29.1
203.3
226.5
237.2
124
105.7
13.4
98.7
24.9
15.4
85.2
147.4
52.2
124.6
257.2
75.5
97.9
50.1
108.5
129.9
87.6
33.2
67.2
102.6
63
141.2
44.3
101.7
139.7
101.2
41.5
122.3
120.4
30.5
60.7
103.6
76.3
8.7
61.7
95.1
39.2
26.4
52.8
131.4
84.3
128.6
75.6
103.3
70.3
127.7
0
124.5
82.5
97
85.8
48.1
227.8
151.1
165.1
111
97.5
23.8
62.5
39.2
53.5
77.2
34.2
131.2
31.7
26.2
63.1
95.3
84.6
105.5
50.6
115.6
133.9
136.2
113.7
56.4
61
111.1
209.9
130.8
109.1
196.4
22.9
157.3
64.4
221.6
79.4
158.7
75.2
43.8
241.1
82.3
104.9
178.4
147.7
151.5
105.6
81
84.7
15.2
212.4
146.6
233.5
84.4
141.7
64.4
21.5
187.3
116.6
165.2
44.7
129.7
98.9
128.8
143.1
55.5
31.2
137.3
115
99
77.1
124.5
0
173.7
208.2
174.3
76.4
192.2
241.5
129.5
36.6
208.5
114.3
124.2
86.1
164.7
188.4
112
33.8
104.2
133.8
168.2
39
129.7
195.9
108.3
48
244.9
247.4
224.9
140.2
113.3
95.9
98.8
57.6
97.9
90.4
196.6
30.3
132.2
243.3
94.3
38.7
113.2
134.9
148.5
92
83.5
110.5
87.4
22.2
143.1
107.4
106.1
188.9
144.5
41
119.7
124.8
101.4
116.3
152.2
55.6
77.5
20.8
129
68.6
95.2
58.8
110.5
118.2
177.2
57.2
82.4
74.7
132.1
82.5
173.7
0
88.8
8.1
124.7
213.9
72
151.2
142.1
74
74.1
49.5
102.3
81.8
120.5
77.4
179.8
100.5
108.7
41.2
134.7
71.6
26.4
95.8
140.2
106
133.6
144.3
189.8
162.9
97.1
10
93.3
99.1
11.8
231.1
66
181.8
304.6
143.9
114.6
147.1
184.5
59.7
141.6
119.2
41.5
143
87.6
195.2
141.3
155.7
223.4
72.1
76.7
30.9
174.4
66.5
144.4
187.3
36
105.7
73.9
178.6
104.3
123.4
94.5
171.8
167.8
212.3
116
143.7
124.3
181.7
97
208.2
88.8
0
84
131.8
275.2
108
212.5
191.7
14.8
109.8
102.9
136.2
43.5
48.1
113.1
214.9
123.9
79.4
55.1
179
125
62.4
131.5
189.8
51.2
44.8
55.5
140.8
113.9
99.2
94
60.9
101.2
85.6
197.2
38.4
132.8
235.2
94.9
30.6
115.2
135.5
143.7
92.6
85.5
105.7
88
22.8
135
109.4
104.6
189.5
139.7
44.3
114.9
123.3
96.6
116.9
152.8
50.8
80.8
28.9
129.6
71.9
98.4
59.8
102.4
118.8
177.8
57.8
74.3
75.3
130.6
85.8
174.3
8.1
84
0
126.7
205.8
67.2
143.1
142.7
69.2
77.4
50.1
104.3
77
115.7
78.4
180.4
103.7
109.5
49.3
135.3
72.2
21.6
96.8
140.8
101.2
128.8
139.5
75.9
57.6
34.7
133.5
67.1
32.7
120
99.3
94.4
76.5
233.7
34.6
138.8
20.9
60.4
164.7
69
41.2
102
102.9
103.9
117.7
17.3
81.3
91.6
136
83.7
157.1
96.5
65.3
12.6
55.5
111.1
52.9
103.9
47
66
35.2
66.9
139.7
36.2
80.5
89.7
111.6
54.2
89.2
48.1
76.4
124.7
131.8
126.7
0
204.3
185.9
141.6
62.9
132.3
50.6
76.6
22.4
88.3
112
48.3
83.1
32.4
57.4
105.3
47.2
84.9
140.3
44.6
67.5
168.7
171
148.5
135.8
146.7
239
285.2
215.1
237
276.8
215.1
209.2
127.8
29.4
174.6
175.2
202.5
151.3
334.9
140.2
196.7
294.1
173.9
194.2
86.6
206.6
126.1
207.4
328.1
198.5
306.1
107.8
258.3
191.7
170.7
239.2
219.1
207.9
163
196
207.1
182
103.4
168.1
192.8
159.2
131.5
157.5
115.1
227.8
192.2
213.9
275.2
205.8
204.3
0
273
62.7
155.6
260.4
204
172.3
201.5
265.4
304.1
193.6
195.4
212.4
254
220.1
164.5
177.1
227.4
179.3
144.2
296.8
320
330.7
208
181.1
151.2
115.7
128.1
153.2
109.6
264.4
102.3
200
302.4
162.1
97.8
182.4
202.7
120.9
159.8
152.7
129.7
155.2
90
202.2
176.6
171.8
256.7
141
111.5
92.1
190.5
120.6
184.1
220
74.8
148
92.8
196.8
139.1
165.6
127
169.6
186
245
125
141.5
142.5
197.8
151.1
241.5
72
108
67.2
185.9
273
0
210.3
209.9
93.2
144.6
117.3
171.5
101
139.7
145.6
247.6
170.9
133.5
93.9
202.5
139.4
45.6
164
208
60.8
106
116.7
73.1
84
176.3
222.5
152.4
174.3
214.1
152.4
146.5
65.1
92.1
111.9
112.5
139.8
88.6
272.2
77.5
134
231.4
111.2
131.5
23.9
143.9
63.4
144.7
265.4
135.8
243.4
45.1
195.6
129
108
176.5
156.4
145.2
100.3
133.3
144.4
119.3
40.7
105.4
130.1
96.5
68.8
94.8
52.4
165.1
129.5
151.2
212.5
143.1
141.6
62.7
210.3
0
92.9
197.7
141.3
109.6
138.8
202.7
241.4
130.9
132.7
149.7
191.3
157.4
101.8
114.4
164.7
116.6
81.5
234.1
257.3
268
19.8
28.8
97.6
196.4
116.7
95.6
182.9
59.5
125.7
27.8
185
56.1
126.5
61.1
7.2
227.6
50.1
90.8
164.9
116.1
119.9
69
66.9
52.5
51.8
198.9
115
220
47.8
128.2
50.3
15.1
155.7
102.5
133.6
21.4
111.2
84.8
97.2
110.9
32.2
37.2
105.7
82.8
67.4
40.5
111
36.6
142.1
191.7
142.7
62.9
155.6
209.9
92.9
0
176.9
100.2
92.6
72
151.2
174.9
97.9
39.8
90.1
120.3
136.6
15.7
98.1
164.3
89.2
11.4
213.3
233.9
211.4
175
148.1
97.6
24.8
78.5
99.6
16.4
231.4
51.2
167
289.8
129.1
99.8
134.1
169.7
74.5
126.8
104.4
46.1
128.2
72.8
180.4
128.3
140.9
223.7
80.1
61.9
45.7
159.6
67
144.9
187
21.2
98.4
59.1
163.8
89.5
116.1
79.7
157
153
212
101.2
128.9
109.5
166.9
97.5
208.5
74
14.8
69.2
132.3
260.4
93.2
197.7
176.9
0
95
88.1
123.2
47.4
56.1
98.3
214.6
121.4
79.9
40.3
169.5
110.2
47.6
116.7
175
36.4
59.6
70.3
112
85.1
37.2
119.8
16.5
39.2
109
137.2
43.8
104
233.4
64.5
89.5
39.1
97.7
153.7
63.8
9.4
91
78.8
54.6
117.4
33.3
77.9
129.5
125
33.1
140.7
96.6
54.3
49.9
92.8
73.8
15.1
53.3
84.3
15.4
22.3
29
107.6
73.5
117.8
51.8
79.5
46.5
103.9
23.8
114.3
74.1
109.8
77.4
50.6
204
144.6
141.3
100.2
95
0
38.7
28.2
77.3
101
10.4
120.4
27.6
50
54.7
84.5
60.8
99
26.8
104.8
131.4
154.6
137.5
90.7
63.8
75.9
112.9
42.8
77.9
104.5
147.1
36.9
82.7
201.7
44.8
62.2
65.1
85.4
162.6
42.5
35.4
121.8
40.1
27.3
96.1
59.3
56.6
139.4
155.8
26.2
133.8
75.3
93
66.8
102.7
66.9
53.8
41
79.5
23.7
48.3
9.7
68.9
68.7
127.7
13.1
40.8
25.2
82.6
62.5
124.2
49.5
102.9
50.1
76.6
172.3
117.3
109.6
92.6
88.1
38.7
0
54.2
93.1
131.8
28.3
130.3
53.6
88.7
47.8
85.2
22.1
71.7
46.7
90.7
124.5
147.7
158.4
85
66.7
44.9
137.9
44.7
42.9
124.4
109
72
85.6
230.9
36.3
116.4
10.9
69.5
169.1
61.3
18.8
106.4
92.7
81.5
114.9
5.1
75.4
101.3
140.4
61.3
161.5
94.1
69.7
21.7
64.6
102
30.5
81.5
56.1
43.6
12.8
44.5
123.1
45.3
89.6
67.3
95
44
98.3
39.2
86.1
102.3
136.2
104.3
22.4
201.5
171.5
138.8
72
123.2
28.2
54.2
0
92.7
116.4
25.9
92.2
18.1
65.4
82.9
56.3
74.7
125.9
22.2
76.6
159.6
175.4
152.9
164.2
145.9
53.6
45.2
73.9
55.6
31.7
187.6
56.2
164.8
294.8
122.9
107.6
103.6
148.7
91.4
131.8
86.7
28.7
133.2
77.8
185.4
97.8
145.9
179.9
62.7
66.9
68.8
164.6
23
100.9
143.8
26.2
62.2
64.1
135.3
92.7
79.9
84.7
162
124.5
168.8
106.2
133.9
114.5
171.9
53.5
164.7
81.8
43.5
77
88.3
265.4
101
202.7
151.2
47.4
77.3
93.1
92.7
0
38.7
87.7
171.4
80.4
35.9
45.3
135.5
115.2
55.4
104.1
155.8
83.8
82.7
75.2
187.9
169.6
77.3
38.1
97.6
79.3
39.7
211.3
94.9
188.5
333.5
146.6
146.3
127.3
172.4
52.7
164.8
110.4
10
171.9
116.5
218.4
121.5
178.9
203.6
24
105.6
60.3
197.6
46.7
124.6
167.5
64.9
85.9
102.8
159
116.4
103.6
123.4
200.7
148.2
192.5
144.9
172.6
147.5
201.2
77.2
188.4
120.5
48.1
115.7
112
304.1
139.7
241.4
174.9
56.1
101
131.8
116.4
38.7
0
111.4
195.1
104.1
59.6
84
159.2
153.9
94.1
127.8
179.5
91.6
67.6
36.5
101.6
74.7
47.6
123.1
26.9
49.6
114.7
134.9
47.1
93.6
223
55.7
90.5
36.8
95.4
164.1
53.4
7.1
101.4
68.4
55.6
107
31
67.5
127.2
135.4
36.4
144
86.2
64.7
47.6
90.5
77.1
25.5
56.6
82
22.9
20
18.6
97.2
71.2
115.5
41.4
69.1
36.1
93.5
34.2
112
77.4
113.1
78.4
48.3
193.6
145.6
130.9
97.9
98.3
10.4
28.3
25.9
87.7
111.4
0
118.1
25.3
60.4
58
82.2
50.4
100
18.4
101.6
134.7
157.9
147.9
59.6
67.1
117.8
216.6
136.9
115.8
203.1
40.2
163.4
67.6
224.8
85.5
164.8
81.3
47
247.8
88.4
111
185.1
153.8
157.6
108.8
87.1
90.8
19.4
219.1
152.7
240.2
87.6
148.4
70.5
27.6
193.4
122.7
171.3
50.8
135.8
105
134.9
149.2
61.6
2.6
143.4
121.1
105.1
80.3
131.2
33.8
179.8
214.9
180.4
83.1
195.4
247.6
132.7
39.8
214.6
120.4
130.3
92.2
171.4
195.1
118.1
0
110.3
140.5
174.3
45.1
135.8
202
114.4
51.2
251
254.1
231.6
103.1
84.8
26.8
125.6
42.9
24.8
112.1
127.1
70.2
103.7
241.8
54.4
115.8
29
87.6
156.8
72.2
18.2
94.1
93.7
80.9
125.8
23.2
86.3
119.4
128.1
59.5
149.2
105
57.4
39.8
82.7
100.2
23
79.7
74.2
43
5.3
43.9
122.5
63.4
107.7
66.7
94.4
54.9
112.3
31.7
104.2
100.5
123.9
103.7
32.4
212.4
170.9
149.7
90.1
121.4
27.6
53.6
18.1
80.4
104.1
25.3
110.3
0
49.5
81.1
74.4
75.7
125.3
33.1
94.7
157.8
163.1
140.6
133.3
115
22.7
81.1
51.1
24.7
67.6
156.7
78.4
133.9
283.4
92
124.1
76.3
117.8
112.3
113.8
59.4
49.6
128.8
89.2
167.4
70.5
127.9
149
83.6
67.7
104.7
146.6
12.9
70
112.9
58.7
34.9
87.9
104.4
65.4
52.6
79
157.6
93.6
137.9
101.8
129.5
96.5
146.6
26.2
133.8
108.7
79.4
109.5
57.4
254
133.5
191.3
120.3
79.9
50
88.7
65.4
35.9
59.6
60.4
140.5
49.5
0
77.8
104.6
110.8
87.9
76.8
124.9
116.3
118.6
96.1
134.7
107.8
76.5
65.1
38.2
78.5
56.7
191.1
10.9
126.7
249.5
88.8
69
93.8
129.4
114.8
86.5
64.1
74
87.9
34.1
140.1
88
100.6
183.4
108
21.6
86
119.3
64.9
104.6
146.7
19.1
58.1
20.4
123.5
49.2
75.8
39.4
116.7
112.7
171.7
60.9
88.6
69.2
126.6
63.1
168.2
41.2
55.1
49.3
105.3
220.1
93.9
157.4
136.6
40.3
54.7
47.8
82.9
45.3
84
58
174.3
81.1
77.8
0
129.2
69.9
48.3
76.4
134.7
76.7
99.9
110.6
28.7
22
81.9
180.7
101
79.9
167.2
61.9
118.3
36.7
193.9
40.4
119.7
45.4
13.2
211.9
43.3
75.1
149.2
108.7
112.5
77.9
51.2
45.7
54.2
183.2
107.6
204.3
56.7
112.5
34.6
17.5
148.3
86.8
126.2
5.7
99.9
69.1
89.8
104.1
16.5
42.5
98.3
76
60
49.4
95.3
39
134.7
179
135.3
47.2
164.5
202.5
101.8
15.7
169.5
84.5
85.2
56.3
135.5
159.2
82.2
45.1
74.4
104.6
129.2
0
90.7
156.9
78.2
20.3
205.9
218.2
195.7
96.2
69.3
98
135
64.9
100
126.6
152.6
59
88.2
206.5
50.3
84.3
78.2
90.9
184.7
48
57.5
143.9
18
49.4
101.6
79.8
62.1
144.9
177.9
48.3
155.9
80.8
115.1
72.3
108.2
89
75.9
63.1
85
45.8
70.4
31.8
73.7
74.2
133.2
17.9
45.6
30.7
88.1
84.6
129.7
71.6
125
72.2
84.9
177.1
139.4
114.4
98.1
110.2
60.8
22.1
74.7
115.2
153.9
50.4
135.8
75.7
110.8
69.9
90.7
0
93.8
52.5
96.2
146.6
169.8
180.5
162.4
135.5
105.6
72.4
82.5
107.6
64
218.8
56.7
154.4
256.8
116.5
52.2
136.8
157.1
122.1
114.2
107.1
84.1
109.6
44.4
156.6
131
126.2
211.1
118.1
65.9
93.3
144.9
75
138.5
174.4
29.2
102.4
47.2
151.2
93.5
120
81.4
124
140.4
199.4
79.4
95.9
96.9
152.2
105.5
195.9
26.4
62.4
21.6
140.3
227.4
45.6
164.7
164.3
47.6
99
71.7
125.9
55.4
94.1
100
202
125.3
87.9
48.3
156.9
93.8
0
118.4
162.4
79.6
107.2
117.9
87.3
60.4
59.9
141.5
43.3
57.9
133.1
131.2
65.5
79.3
208.7
37.8
108.9
33.1
82
180.5
39.1
17.4
117.8
70.5
74
92.7
27.3
53.2
123.5
151.8
54.8
162.4
71.9
81.1
43.9
86.8
95.5
41.9
75
72.5
41.3
27.8
37
111.6
61.7
111.8
59.8
83.5
21.8
79.2
50.6
108.3
95.8
131.5
96.8
44.6
179.3
164
116.6
89.2
116.7
26.8
46.7
22.2
104.1
127.8
18.4
114.4
33.1
76.8
76.4
78.2
52.5
118.4
0
87.3
153.1
176.3
164.3
8.4
26.9
102.2
199.8
121.3
100.2
187.5
70.9
123.8
16.4
173.6
58.3
124.6
65.7
7.1
232.2
48.2
95.4
169.5
114.2
118
57.6
71.5
50.6
63.2
203.5
113.1
220.7
36.4
132.8
54.9
26.5
153.8
107.1
131.7
23.6
109.3
89.4
95.3
109
34.4
48.6
103.8
80.9
65.5
29.1
115.6
48
140.2
189.8
140.8
67.5
144.2
208
81.5
11.4
175
104.8
90.7
76.6
155.8
179.5
101.6
51.2
94.7
124.9
134.7
20.3
96.2
162.4
87.3
0
211.4
234.6
216
211.4
184.5
134
54.9
114.9
136
52.8
267.8
87.6
203.4
326.2
165.5
131.8
170.5
206.1
60.1
163.2
140.8
82.5
164.6
109.2
216.8
164.7
177.3
260.1
80.2
98.3
31.3
196
103.4
181.3
223.4
57.6
134.8
95.5
200.2
125.9
152.5
116.1
193.4
189.4
248.4
137.6
165.3
145.9
203.3
133.9
244.9
106
51.2
101.2
168.7
296.8
60.8
234.1
213.3
36.4
131.4
124.5
159.6
83.8
91.6
134.7
251
157.8
116.3
76.7
205.9
146.6
79.6
153.1
211.4
0
45.2
55.9
234.6
207.7
136.3
37.5
138.1
138.3
51
270.3
110.8
226.6
349.4
188.7
159.4
186.3
229.3
14.9
186.4
164
69.5
187.8
132.4
240
180.5
200.5
262.6
55.3
121.5
13.9
219.2
105.7
183.6
226.5
80.8
144.9
118.7
218
149.1
162.6
139.3
216.6
207.2
251.5
160.8
188.5
169.1
226.5
136.2
247.4
133.6
44.8
128.8
171
320
106
257.3
233.9
59.6
154.6
147.7
175.4
82.7
67.6
157.9
254.1
163.1
118.6
99.9
218.2
169.8
107.2
176.3
234.6
45.2
0
31.1
224.4
206.1
113.8
48.2
134.1
115.8
61.7
247.8
121.5
225
360.1
183.1
170.1
163.8
208.9
16.2
197.1
146.9
46.5
198.5
143.1
250.7
158
211.2
240.1
24.3
132.2
24.6
229.9
83.2
161.1
204
91.5
122.4
129.4
195.5
152.9
140.1
150
227.3
184.7
229
171.5
199.2
179.8
237.2
113.7
224.9
144.3
55.5
139.5
148.5
330.7
116.7
268
211.4
70.3
137.5
158.4
152.9
75.2
36.5
147.9
231.6
140.6
96.1
110.6
195.7
180.5
117.9
164.3
216
55.9
31.1
0
